142
140
20
139
61
36
37
36
14
105
68
126
92
63
97
73
71
4
184
74
155
97
173
61
180
80
7
144
4
24
85
183
4
61
65
52
85
135
86
50
23
157
114
62
15
57
14
15
121
2
145
65
98
59
163
83
1
1
83
36
24
69
84
172
141
90
59
55
36
163
29
132
169
166
68
61
54
46
109
14
62
42
110
86
145
84
76
41
17
104
147
96
128
15
70
1
168
58
99
67
65
142
88
76
109
47
98
25
81
134
16
20
88
64
39
55
31
98
81
74
57
104
44
134
64
140
65
2
80
73
54
141
153
21
8
147
93
134
86
138
73
61
50
44
45
116
18
114
60
30
121
86
34
83
35
110
66
81
78
51
97
62
120
130
154
88
84
33
114
55
51
150
85
120
57
144
115
94
128
36
4
27
10
74
61
23
142
7
35
107
26
113
67
116
12
73
98
152
85
97
152
67
71
128
106
149
109
101
50
29
96
51
152
2
10
28
128
16
45
17
44
111
54
11
150
14
53
101
4
89
28
60
159
36
51
133
98
104
105
86
85
16
110
18
27
42
68
122
46
54
124
111
101
125
42
132
112
59
124
109
106
9
62
99
68
133
148
95
143
20
140
142
56
136
34
101
10
22
154
102
153
59
5
85
49
30
90
53
106
117
98
50
88
101
154
60
110
38
148
40
87
104
23
53
111
135
124
111
127
34
135
146
43
25
71
136
52
116
121
10
149
26
160
30
121
53
74
52
135
12
78
61
111
123
131
139
137
121
12
132
61
146
17
100
142
127
41
88
152
111
120
29
50
149
63
10
71
130
13
149
64
15
128
37
128
24
22
102
54
89
128
38
122
53
122
76
139
87
152
22
22
153
110
38
108
84
104
90
43
4
67
148
50
66
32
50
152
63
75
147
20
1
99
7
50
81
160
144
38
1
82
136
28
103
37
114
17
86
15
139
151
128
18
113
155
65
90
57
87
81
39
18
23
21
12
85
90
107
28
42
7
35
127
138
147
61
134
56
5
145
149
44
82
129
145
96
11
121
110
5
6
102
74
66
121
144
29
121
112
43
3
144
100
79
93
94
80
43
130