0.860812274674332
0.339600704302825
0.627830987157221
0.142327386486496
0.0722127440721787
0.440251125693438
0.244789618181432
0.811743442812815
0.737485664774424
0.782673022142925
0.515347615124354
0.301908856864045
0.629788913591667
0.614108456119014
0.151435627672558
0.297677832794226
0.114032120962642
0.404376179168176
0.646701848435543
0.573167933883689
0.757627637478350
0.261061451985064
0.121049619801831
0.408063730880648
0.702135462175187
0.954455069245051
0.785702318318981
0.176563585259283
0.510116908005493
0.0136478003178014
0.181969933296540
0.547435420354565
0.801121127699093
0.342774857460882
0.481464743838396
0.736300007317355
0.623406472440533
0.0143027580409789
0.379295791675940
0.0515569290386312
0.668190786926165
0.183668528303350
0.859232854032532
0.319886034503526
0.238827096875211
0.178938882043091
0.00976009713940327
0.335739805985121
0.690762372543459
0.233296942540117
0.843397731819841
0.105499347720993
0.280922290068549
0.487058597843656
0.346285504915884
0.830601786650066
0.741660287483437
0.626200230152439
0.169472647444099
0.746671299797795
0.123897569777396
0.643814711665648
0.882738274467522
0.504617757398923
0.880458395406817
0.580334908133529
0.0473185060766146
0.339469637414194
0.931424684324965
0.0139067368646649
0.588640347862914
0.430503390929896
0.719143445938427
0.0494597084119263
0.465170872614333
0.405120950380862
0.709335429458569
0.392434100337529
0.560380221605478
0.495884985428250
0.804753672706314
0.763918860705532
0.0899076871992590
0.197138832508185
0.960541706513866
0.194268776659979
0.628935483111504
0.583172597262623
0.519794919304454
0.754401710235701
0.185284762729558
0.768904296573673
0.965283464624213
0.338171826367347
0.741518105259872
0.630753131877050
0.485274346305651
0.457891583655910
0.645348572938400
0.988940026605940
0.364749679977423
0.842092657388231
0.983777170527623
0.572380339527680
0.718354356809684
0.517102181686602
0.862223489145852
0.604832084199801
0.579549444643571
0.657999589879997
0.552747004457166
0.132951662006300
0.0599936731439054
0.106496294078648
0.360948013775492
0.902007251000967
0.683247659673564
0.846387744344020
0.146129622657844
0.873212517180113
0.746824702130083
0.429582957378394
0.149607588141043
0.818416623779767
0.320651731603151
0.693429478301401
0.586120260221008
0.0343981669444582
0.103491329170527
0.833422056321717
0.530244028908314
0.215890141770193
0.303383189860444
0.174022541462454
0.607696940939732
0.577733360499951
0.589780416148612
0.317516402489281
0.677928410320509
0.495348557594860
0.141744660279595
0.350044490466846
0.00927608507185992
0.119007710888520
0.760819464810574
0.114699121152376
0.310939323301864
0.654340987864109
0.724588933738223
0.225319357693810
0.210173448645591
0.787429253471750
0.628269808659456
0.884961742388532
0.888959255949109
0.559848127216030
0.496004319980743
0.0250672716764115
0.215639974091034
0.700535029964771
0.511392315156475
0.520292931944268
0.000750921201310550
0.342123810826858
0.613240001543071
0.270384468264126
0.166849434919120
0.751518085948899
0.0258004204490224
0.125036889279744
0.517469633611604
0.755151623280324
0.641886021309479
0.335505897801139
0.558949296622979
0.968575734164834
0.748596319811696
0.989980405191882
0.753176534433466
0.580350131532340
0.296511706102878
0.553189075343865
0.489524294850195
0.773942382435288
0.356413223480998
0.0996070057617533
0.170620420561461
0.879345350376957
0.981379518742384
0.728034533433632
0.822604298509007
0.0257547441989904
0.554588100665523
0.0298418975574160
0.249999515828676
0.609366247714202
0.337186015368060
0.451562031382491
0.186827142344242
0.163264962454916
0.245810886959457
0.668958057495280
0.828654606746815
0.129504834827736
0.687079426221121
0.114499837679090
0.968463381272025
0.318878390974774
0.393339908864973
0.833561899994296
0.875763063726836
0.287054703238911
0.165612794535986
0.143551013033628
0.778240432393849
0.435430802607644
0.637741789053074
0.562121104245131
0.838201594463643
0.445147406051470
0.925177934544710
0.0269620604938651
0.428600585753378
0.760561246779077
0.607040853522271
0.281895856969941
0.890672875517361
0.477366183641072
0.732916102620268
0.419653829382571
0.882358884849753
0.913649831392639
0.605703751372967
0.381718427586238
0.388254465250417
0.381164906258306
0.965078317543994
0.413478804479110
0.271981265056870
0.599161812383291
0.602559808922261
0.934572718075743
0.209413251937094
0.542892639778039
0.566997337884734
0.709469414646490
0.467394599443020
0.906021589369523
0.130032759686016
0.996905157341112
0.333631856988013
0.0967244068611061
0.854055551744092
0.383606237537976
0.344251339949785
0.899865623982561
0.445492582603121
0.681913547069725
0.932378807073635
0.361687438730936
0.859936710847512
0.632095593322113
0.647104918326766
0.961585443914675
0.763884623890689
0.719803941771297
0.660882432321498
0.0508953812769127
0.144345224436533
0.969142104484673
0.589427795069957
0.698494857968062
0.271999836560339
0.650621594698458
0.132828945821537
0.633830293842512
0.573164066101035
0.699821485532365
0.586059810866630
0.885102740901105
0.135677334450035
0.649794782348813
0.0133203994544784
0.147198471774905
0.971038375967666
0.649734275718096
0.924570343422038
0.247404558699301
0.233953184091464
0.244596881905849
0.280097562950150
0.968182840835388
0.358890060036858
0.117781432866017
0.638087197969708
0.365912492091727
0.00425231876049764
0.347140771498504
0.213323060522472
0.729372687511785
0.635204566472771
0.156975069622032
0.181370162955192
0.159264184143052
0.0260081063145809
0.609946518489135
0.752490334563186
0.310747563983662
0.382661073181155
0.331659026132738
0.965395840800086
0.548155864955930
0.286117917991298
0.515188058146829
0.160680017508883
0.140430338746137
0.417834164303650
0.209212031312851
0.882276366409974
0.361319616139550
0.505172109466592
0.303529339052518
0.171209419225906
0.605203571079859
0.792594398740956
0.976403059892544
0.412060031859232
0.776765337575583
0.720890063662496
0.426924471476546
0.806903422720220
0.780914307935589
0.778428191681592
0.0573930619551768
0.171261138362466
0.665918484640270
0.713583114423595
0.711013709060389
0.910840131300893
0.546723192812280
0.727639790963214
0.924163602257224
0.666626863026352
0.953471187014818
0.212990776269227
0.661587366676697
0.833820499402387
0.224180209089154
0.643671772276830
0.273037287068105
0.792782486785568
0.0557227889335355
0.530764928800410
0.463825238618918
0.304230263598370
0.436705115920261
0.227485084546490
0.0457734074656728
0.965632674733937
0.148208292270176
0.271406825758241
0.629307341589270
0.769264662996523
0.567629079133100
0.692246595254283
0.323363348526584
0.0921854526233792
0.428864238517761
0.937934852641977
0.108747954996651
0.113916488417385
0.246374030712235
0.920512043368310
0.368966992184970
0.803532095068848
0.721308830530061
0.515147853882587
0.708372342730114
0.642201144081634
0.324747042881673
0.838480428251662
0.111629892192609
0.715318518092538
0.601109371334831
0.277447528335009
0.106471193072606
0.211660412704414
0.126027421618825
0.889787442930875
0.226267793321175
0.350154182571058
0.910182991488922
0.582857528507178
0.180771148847775
0.874136192665499
0.840613681748795
0.0544812581755599
0.555704163646188
0.706890432958906
0.643770080825207
0.646237813702895
0.580363327907568
0.395737391149503
0.637570427096249
0.0703692986026263
0.514510416199691
0.405688750280854
0.258506043468838
0.305650580351078
0.519169442131729
0.174418697214880
0.768290499117361
0.477991747426797
0.855489043917269
0.563056750019573
0.522402919606493
0.634889456739132
0.324682946002429
0.0326962485130393
0.0365093895404178
0.602944325936467
0.495743333592891
0.443768554573771
0.474233787261990
0.519734218958642
0.333837621069438
0.198469337168368
0.444514276666806
0.482935290542867
0.453658867372972
0.259850923558628
0.0815246333747751
0.296877090491763
0.558486663530807
0.347790935238726
0.453856921034798
0.0486709485057140
0.145776137777500
0.606318300872258
0.171605489762316
0.490023167566407
0.623321687627268
0.930869419561173
0.604404290953839
0.837760633713454
0.451662886166788
0.209929431420718
0.219676645574941
0.978572603770798
0.944486023366678
0.763419090194357
0.433467189983217
0.469371395869819
0.772273968333506
0.0923632164915852
0.982585581477073
0.512519669492040
0.115194052511451
0.716871569732610
0.958244102987575
0.664607217844858
0.552286387678369
0.283211967574066
0.858531074998216
0.518624109923199
0.826438671362791
0.416855163135033
0.891487737601384
0.497491238870421
0.0699491869052635
0.238116534537690
0.150089714746033
0.589199151186831
0.684849196898215
0.340880067246445
0.00168816559095316
0.0193962315187772
0.489868716564900
0.694450716811442
0.328988932226314
0.893219997590976
0.296056762475547
0.243089683001437
0.867828731829221
0.0541825057259679
0.871564784958756
0.937554665346423
0.165863108898449
0.762075664364768
0.413014352048288
0.501202650135943
0.830881429757402
0.650192748592325
0.967406651921294
0.360773302317026
0.341172896484459
0.386129223455735
0.627881905822028
0.317493446784789
0.602360161767509
0.464340141724953
0.866826132809197
0.681150656510680
0.511053295112706
0.621522059953549
0.954736618304037
0.386818523698868
0.717719647901933
0.0616066521320523
0.579360271142498
0.262673824216553
0.0401787767373858
0.00596975581998460
0.717090182805942
0.477644360846674
0.995894293764557
0.477341690323009
0.648573966067552
0.385412158158334
0.570708284885952
0.131895429050501
0.577162044391577
0.464821907442446
0.0434839590655099
0.351978717535724
0.703789360683313
0.489401612658706
0.506967523371320
0.807101597453981
0.0271181035913146
0.772068141387807
0.983899789854838
0.832636702262162
0.708175828544505
0.884576295914397
0.139565539145640
0.282956913711017
0.689037122618890
0.317251742965193
0.881848218795773
0.603880614789147
0.670894610076628
0.0161469243542044
0.982075259081123
0.839478232823069
0.772264421345789
0.672047573920362
0.881347482968749
0.577607207269225
0.0407339153069695
0.646429886876806
0.130030402042917
0.367158883887883
0.743271477866579
0.819021656093663
0.0489637716901320
0.707348007106850
0.368334552910335
0.168376944106248
0.645519775639065
0.0636716415470800
0.804399134034477
0.562180517037483
0.0100498143630334
0.00981263444284566
0.995005816218912
0.323041466680840
0.491692646635553
0.956743554657671
0.807549976188480
0.813385190355305
0.507154850991049
0.982930182005712
0.585471726760954
0.168097311243460
0.360304402820908
0.539567318996213
0.557619407567018
0.394839105845820
0.923974131664249
0.195105536931709
0.744942081973395
0.694901946324344
0.931038496983721
0.0964454077633309
0.947683686366157
0.862954507518073
0.619879957111497
0.658206597277060
0.120702195503145
0.344437882930244
0.880726309903304
0.0576172429405233
0.463498882233863
0.0921964855362645
0.985763005440013
0.737936524086602
0.678491441848917
0.646019894464882
0.912893140647976
0.313637944084424
0.864159821003750
0.635401681361441
0.645465549382132
0.823902029927774
0.00715122791340166
0.495720843549688
0.973522501053998
0.402411699482432
0.541221528100419
0.0813158550678361
0.161881591734421
0.645214836879268
0.162826901843225
0.162272997741715
0.631522005717979
0.679384742248517
0.604642092066185
0.830067260111713
0.215181797377384
0.222683637506647
0.656066076204212
0.445587331636617
0.208031214870527
0.995939356273012
0.159975825883437
0.547994121698660
0.577901372955135
0.0124496729171135
0.667780322799357
0.538339883339750
5.61638735496271e-05
0.313515265152564
0.886422217305015
0.618804359631056
0.328051488067979
0.0612643552298026
0.485937112702959
0.400865330547497
0.876065617369519
0.977439159982577
0.298786558349983
0.718018829225571
0.658247772445086
0.0101066469261919
0.372570571663124
0.306819600661667
0.411484607686980
0.701654424286287
0.788915833825672
0.348082488099152
0.724109842313505
0.490026897513320
0.0219524698434176
0.793951907564864
0.768615042217362
0.362900898029516
0.679359592813700
0.872400982711651
0.282332052608175
0.774895373627029
0.583260991416527
0.300080591486804
0.681946439986092
0.625522697635704
0.981732096048879
0.320155791621728
0.646369357428686
0.0166195584538484
0.738364840735851
0.720662399996381
0.962482030951642
0.784870874036509
0.0509151648967132
0.0364586804231902
0.450173253403126
0.497229763538218
0.103062165017734
0.589564703213780
0.708062775297120
0.0244537857475010
0.228308805370847
0.701547901007136
0.782226464609721
0.901495633135315
0.916199876422156
0.359001748431009
0.298704589390524
0.779968804111690
0.929555997685323
0.501676445594838
0.0668445658249988
0.615587618022965
0.322860418037912
0.898028539911857
0.844058379458291
0.0442571072113966
0.247341541688583
0.676911174634896
0.935829474095176
0.456088505897712
0.389383628680084
0.502742754529576
0.337637850706297
0.0961357718781269
0.255953965362140
0.579515879777966
0.626375771884981
0.974596475704851
0.448018959000716
0.527895014978896
0.591842284701691
0.475685914268571
0.512968332279924
0.820707678245710
0.0170619394709645
0.328082055471876
0.261429203795935
0.623805247537701
0.454833663280510
0.924977274110996
0.359548387750773
0.630824016700883
0.749840163043626
0.301071190881110
0.861430645390149
0.626761698921566
0.508682697782611
0.690790463094968
0.368753035724514
0.337353787542020
0.981885035513847
0.554150917359698
0.506731023782273
0.731670506173591
0.254524979393242
0.392768248632908
0.316270289158574
0.790891923844298
0.961061097197729
0.525354639406016
0.983059667508611
0.246203855260370
0.711121190670468
0.953282577895225
0.611315510986054
0.527552968602419
0.0140824671900284
0.413919665112123
0.810321513009407
0.238185254967858
0.361117968969568
0.710080705448091
0.531236940776574
0.731404367709255
0.655941496442976
0.0869245278122483
0.400035301875340
0.790596669907960
0.139707369794933
0.796385754736320
0.0590497460491256
0.737245052464886
0.201036304329073
0.895220841232324
0.376752615150415
0.476761308720690
0.399202964454518
0.413940279471660
0.702329764935342
0.342404813199493
0.133707949953949
0.753455781728707
0.224358726862985
0.522409748994936
0.342544769096442
0.580109633775479
0.593784248267200
0.797022138162061
0.671283888943160
0.397342306281134
0.293069952769703
0.255865465503123
0.276822069323073
0.995095745658081
0.334074415887741
0.327674700099823
0.0372315328741593
0.536156483709885
0.431268259152429
0.196272320205473
0.709289422589023
0.342206553249716
0.611730192607143
0.690284733981958
0.986609730863296
0.807838096659555
0.516808212044094
0.000348375644697051
0.765299092403287
0.155026820560464
0.699394950503202
0.489851570916293
0.306487495688017
0.251748331939684
0.199557093530687
0.385237220388482
0.785687343583297
0.420612437380763
0.220602969276068
0.199828906543473
0.790276972013655
0.328175658512942
0.242848949619964
0.828808243306730
0.504667286530448
0.329343025725960
0.736270322807259
0.0509325056573993
0.0230519012655373
0.271312925159611
0.816086713139008
0.649341603577762
0.447392126287982
0.380819092216352
0.784656620018490
0.752935974743653
0.382114821757243
0.418772987285058
0.388526693167410
0.0305467336580841
0.600201650802140
0.488812917139760
0.680174051635048
0.538317017042226
0.000709776766928740
0.322670624276004
0.0364136104641546
0.677853962722167
0.0944626266576641
0.0418304568351388
0.837161362095345
0.316791720835861
0.940104967420970
0.0132989576148330
0.544532679274926
0.776344712719482
0.767431123073879
0.878302102386161
0.552957298491596
0.763270905596796
0.685416997729529
0.401261325646779
0.352823018260683
0.336778263718252
0.207235172487439
0.764910813311539
0.0584581913698736
0.493773303224600
0.522847669442579
0.988880677609183
0.710830600797586
0.274835955945233
0.977556888469289
0.436343906650480
0.979506297027462
0.375571384735206
0.857292867199189
0.543142528526086
0.562257502955505
0.215547030426351
0.656251512307791
0.352597159963379
0.354169973337171
0.0899680178100094
0.667077098818066
0.0937631875713184
0.157312562296778
0.694684235236926
0.0191473309039824
0.889102249354637
0.819766489239301
0.607105204652578
0.648185955196706
0.517509113306882
0.485577962587391
0.439621289465400
0.443385537454572
0.717805961946866
0.552918079100977
0.416219673313303
0.285866886976113
0.0200725486595521
0.547718338923398
0.637489908671700
0.842897911017247
0.843684053441362
0.905562729996425
0.934779029309181
0.147411761408398
0.410395300206912
0.839603248908931
0.133114121916291
0.644801076336206
0.587422438239410
0.291016291031156
0.885894318989429
0.378481993627959
0.589593089460206
0.652898462327616
0.557493159807051
0.457912199412432
0.804172791449434
0.750037143821845
0.175228878471641
0.443716849872711
0.837283861747609
0.386480279446803
0.657415552836571
0.801596771833299
0.331867107810391
0.714829335787720
0.898484944784308
0.243658819814985
0.759879367779884
0.599222933686908
0.0903351623985614
0.860492584230608
0.617754148141367
0.577641163290311
0.780828377129896
0.150296931225013
0.423944007802729
0.209010079134726
0.165698924644710
0.170760172964428
0.126221234968966
0.136543559905395
0.448168594133187
0.986523844761087
0.717817766926167
0.903441045388319
0.250552276731726
0.129051250931365
0.744520843375717
0.853628352681933
0.794208547470257
0.529836390879860
0.339261898463248
0.307508324881787
0.817538794510783
0.593254141785788
0.476261923311400
0.628363922530955
0.765419936164012
0.292189653633251
0.797838953229524
0.700130230141864
0.0492028505770503
0.0806587366762845
0.955860748400847
0.170468765855985
0.360434160735660
0.229412931590068
0.191767288926880
0.376214695338260
0.854299983407511
0.440095599014357
0.867624376838852
0.414142537589251
0.851603888837436
0.389149673929973
0.810397459105774
0.176998009521979
0.0716937762087648
0.198797816037572
0.705606619690362
0.949848684458923
0.176225231111155
0.126956774912289
0.0792699465897260
0.620524992523959
0.417327123888455
0.0424814252380661
0.763691975625088
0.997563956769912
0.274865824391537
0.0141331222905466
0.916473363021609
0.409569469005600
0.780508567476882
0.993487893135048
0.320202483944689
0.947631175605408
0.273191862401176
0.468274483675265
0.119706025868517
0.614089580538724
0.689700452000695
0.787060023651952