0.630888296585012
0.508515965430306
0.427151920472808
0.937292331334805
0.862761959369649
0.352784244042255
0.348415049886524
0.132667191388396
0.791086016125551
0.815405208997151
0.903808050744146
0.517976425829333
0.184245499402399
0.0552240992222094
0.634277246256488
0.940329269478251
0.762920472194869
0.900199125474412
0.665590121255065
0.842610675768280
0.545978524510739
0.653782415042530
0.494877614311351
0.988379968790514
0.509665880589590
0.344308068204815
0.00703138951539592
0.710448629553639
0.607961780674738
0.793073241502546
0.218453467925290
0.676075511461159
0.0259619667315679
0.212202145816852
0.400472202059101
0.905671649102900
0.530851091971086
0.139012274397077
0.198313295467903
0.367862687617476
0.916474306451378
0.265952236142919
0.391820068187928
0.248006118111315
0.657772293620637
0.260903775813479
0.869717126185874
0.294858735192036
0.184044344436398
0.934958255353830
0.301844796772043
0.516825187260669
0.836763673385961
0.703477496608848
0.226205188420697
0.503822315718896
0.380295484038207
0.936167636856515
0.285461216832260
0.331535901563026
0.873364896454553
0.987617227243081
0.882043471039293
0.671082314416339
0.476681164687817
0.678410621675854
0.786299724497972
0.356514037287102
0.629440941675306
0.958623706809536
0.834023353566426
0.548266742633780
0.958175132962957
0.449126267083514
0.0692809615606819
0.333950695271581
0.0608313461117592
0.208934395205665
0.632682565894296
0.734206268440097
0.0813806103921405
0.393591355250027
0.328624807451211
0.800318946968913
0.722389139571408
0.0599529324378599
0.196857450621602
0.621736169150908
0.259460605801763
0.944855434328716
0.487937698833615
0.631818009368991
0.0253072036548086
0.857900964961341
0.421290578516801
0.984499629579717
0.806000945533626
0.108207612814478
0.832569104541358
0.261579386546081
0.674292978678966
0.0768122673392353
0.205305669086662
0.930785884117142
0.810050401748182
0.530366051257758
0.790123450472077
0.587527788983438
0.683504373153441
0.993249999821768
0.718042062929851
0.830193371432923
0.759749300666037
0.187443383590990
0.0672875591867080
0.826303519227683
0.794957243276274
0.834125431642926
0.546550438062544
0.220369299976327
0.693546116675039
0.851618349948720
0.712430440686844
0.587928877951544
0.726881265513078
0.547128346537765
0.449874123767891
0.772779406873872
0.976785471652069
0.881569003631160
0.0966392509157952
0.553180423822804
0.0982432333278671
0.731219592844704
0.708489185063396
0.862830355233900
0.906902928327631
0.854743733468812
0.509460067148069
0.148398985224030
0.206898913815105
0.605700557867857
0.440418814048366
0.766154627206807
0.766413678772009
0.807598675511591
0.773585669125237
0.477820229007779
0.480348980743601
0.669078965517263
0.239351902734186
0.444316550830527
0.640262090899172
0.536674537945853
0.175079422153104
0.137531742983280
0.791635929509828
0.808544989586130
0.375718482479322
0.0225210562453238
0.560511708986253
0.503897230375510
0.653319576593730
0.652145727375590
0.132639399325773
0.998641449957453
0.674287589580886
0.456418504219697
0.190642294097060
0.433481137004439
0.604376459310007
0.818863680967532
0.699014428862843
0.0223453887842341
0.741950888066530
0.683569262588196
0.839292555506943
0.461697695991815
0.105050297502917
0.911780598066645
0.0128252031341312
0.801837896370254
0.0793582401607923
0.190061070579133
0.0496876067713311
0.754695699435983
0.782583408422109
0.804723114149982
0.920255133845031
0.112264092598233
0.0498022106708038
0.780541119063525
0.827930614737762
0.443163562772406
0.483584778142900
0.555264900697053
0.650410636165371
0.253714929918626
0.553648079071961
0.922427905687330
0.500783540076010
0.861535589611873
0.375803504779843
0.464668714192076
0.00458823703443084
0.158860502372897
0.772197232009935
0.891318696966078
0.698270575468554
0.257801854171698
0.491240974278767
0.774032582423665
0.374138368002203
0.150876315846516
0.922320189849623
0.388864029379964
0.660472548408654
0.889798191324714
0.108314699078125
0.366093007552481
0.429822512171149
0.751557601034435
0.182231246578615
0.563670318370532
0.251876116847562
0.389652565768758
0.289312629629538
0.588191403349951
0.583769837200534
0.948645347705411
0.705296224777259
0.621443785550745
0.989312888583780
0.880311076007928
0.746973354251577
0.805376633445442
0.0527407317667924
0.251459033811213
0.570274240602867
0.144261471994343
0.0627080723935310
0.247052383724159
0.484830302412077
0.601568810456232
0.201327391528211
0.560151567477804
0.858922236067672
0.0565318041744324
0.170464503192559
0.549314787401499
0.877021284251018
0.912468260579029
0.638744785282176
0.466492785823761
0.970899022170761
0.201014190074529
0.198469799104365
0.00499389413976758
0.690448128008492
0.315693457292250
0.520892014969556
0.115466597543781
0.933477811950016
0.704573325675248
0.340793705238399
0.683028552533606
0.629740637554666
0.499145852634286
0.214670621889956
0.280691939536804
0.179907091977031
0.929747843150863
0.560340966358940
0.967223944127198
0.545346214689941
0.0769068342991671
0.289742358629472
0.381304579033193
0.00344410678532166
0.126621983538671
0.832429927695743
0.942881735015140
0.152683239035627
0.967035820692329
0.0400219988264246
0.317303776423123
0.976155614003612
0.322320101932772
0.930579198957691
0.120978169665196
0.838636769372335
0.0425036526483035
0.0725363111461216
0.576404955506513
0.130205623400493
0.315821041965774
0.800698943343339
0.867091885705987
0.638527361973434
0.518690736274557
0.0803330145219029
0.878275799973996
0.941938434234792
0.0725903497415550
0.307229722527428
0.686901439301158
0.625829163298863
0.512428313266685
0.929453897722743
0.989942606999512
0.513568641391382
0.444236694110668
0.127953542456009
0.00685194740390961
0.955146095694576
0.904469437387059
0.602380508837467
0.638893453701815
0.288472738716972
0.537603687279673
0.409430804387401
0.627665330482491
0.326983114391092
0.436472457571175
0.140356780095192
0.467508303684885
0.102384528192871
0.146231980131116
0.234689529628814
0.384530665997663
0.251846308937225
0.581768217301820
0.273877395910154
0.466660990131395
0.702961023292952
0.762462877557829
0.929000476807822
0.509246792415738
0.888412371225847
0.0237239031231608
0.134641766145193
0.664346202586007
0.123457694483668
0.966336228403419
0.561353102122132
0.137254347622979
0.189993703826328
0.383330973509388
0.148168800933365
0.650847431575343
0.357592415231090
0.678974877427786
0.423363112110348
0.771363374205010
0.463285339746291
0.359149609393976
0.901055856096119
0.671444376311938
0.238004891312683
0.262882811139749
0.686358618869613
0.0129570574560003
0.226844031003697
0.467762970583403
0.363855736499585
0.392520508446042
0.683966731971114
0.562500025873305
0.0458207144615337
0.665919790354520
0.430906549296764
0.672572173025726
0.657962097161432
0.990230471356879
0.634064455811896
0.509877738314624
0.297299242716888
0.897402403828410
0.0825444604654538
0.800014189351357
0.752014733735479
0.592950277772243
0.512500809744234
0.344039831470717
0.650866095745408
0.774511314357869
0.782122093617042
0.302605449362940
0.498972229891909
0.259079559361134
0.910151138394210
0.156398099454305
0.496589562155581
0.282791345046270
0.683098745384765
0.0647976724732656
0.968974576317228
0.996293621136012
0.0657847188719477
0.879850433617761
0.338940939092516
0.561158787254784
0.103566226597673
0.149049227661010
0.144732225288047
0.929101308309055
0.752082971740553
0.996864737941355
0.791665328103893
0.439351128618862
0.926028933807290
0.0425107390817770
0.874329475161773
0.697302496385436
0.662909644964575
0.794171172098336
0.379861050927947
0.0180896469476119
0.940086660878773
0.901267504273573
0.602040563059058
0.596742057985040
0.951596015576085
0.141043596966678
0.914162779652589
0.137157045834305
0.435499762853375
0.985510973718721
0.446983617472920
0.522238344197272
0.335103321510881
0.112173313327214
0.0590562555282639
0.344044016834369
0.0315019847040540
0.779678031233921
0.298217753087272
0.816957596138566
0.0121480100844745
0.450377225154255
0.274089565162589
0.919612713120697
0.0770276910984086
0.583854213163189
0.610605798946044
0.234022129436034
0.412995756330432
0.158266113679049
0.914734603797428
0.627522069321723
0.594004490223715
0.423839434247389
0.921804740522897
0.501225225395162
0.576901444968256
0.791545934412417
0.257161610879545
0.666491156754313
0.161239855066519
0.594196739883254
0.347923620300332
0.878757851607519
0.0602640882415064
0.184358816214073
0.587958971777912
0.476433441730418
0.00350398570462316
0.659397720666322
0.575240670505558
0.988411859138129
0.384551085245121
0.545224561144237
0.942088704063598
0.421273331354034
0.874576169939049
0.995657725723301
0.327928236372735
0.688980451640198
0.149540607421445
0.548872090200368
0.231290299087432
0.698413940006128
0.735162005636451
0.112813362438610
0.796386717723863
0.650856045377839
0.544842378955727
0.986003574443051
0.0482782777623638
0.935413887228544
0.396610393373580
0.760198143199178
0.556611376608075
0.885723851567937
0.404554124644284
0.886498847457813
0.541835418688988
0.689672011271898
0.436401639802568
0.682957359442002
0.154451527704695
0.704984896213275
0.304367885600947
0.789231958235256
0.644371674696157
0.984850765664527
0.799650010093884
0.253290986294528
0.401057854481534
0.851684576297032
0.901353018312414
0.963408458960898
0.261719348496627
0.943563851035928
0.763610156142903
0.608822356261696
0.832072860948775
0.559849194511701
0.343402790996899
0.879522335659490
0.163002151606140
0.202859809716633
0.0454598372082505
0.164535727894183
0.878604378494716
0.902569726995458
0.396769617868946
0.399226935300616
0.709110913197096
0.0643643760422079
0.483488064484432
0.130292892051066
0.798042968752814
0.503890318099358
0.447916913520506
0.421983873202458
0.656791160654645
0.782014473239898
0.0897769886487057
0.184542385947212
0.0288374424114998
0.0341533972109451
0.477538054100023
0.345679745239057
0.846776477921184
0.713492714200864
0.783000020674896
0.707120700137280
0.697568913780883
0.869081122739744
0.256567503445115
0.194643134341875
0.148791769588735
0.784959779952168
0.241449929420580
0.600149184744875
0.437161202746053
0.548650465695490
0.212271405948452
0.358068880326147
0.800250157620874
0.681773200482956
0.533111801619228
0.814601642924641
0.357588802630822
0.692885288360010
0.737995578785425
0.789846893767755
0.831070836554780
0.603784933967416
0.178527230014339
0.815254532646041
0.911678792867660
0.799260313994838
0.849726917617827
0.902632210824002
0.785717714012469
0.999725997447840
0.738735287328593
0.911417570389536
0.126063244010351
0.0960132624469759
0.318553640655500
0.264062381472468
0.572853435097660
0.279518233742341
0.386839999997448
0.235179282834371
0.459280103658922
0.729597455696015
0.745753598281068
0.690787030239956
0.0463178139395629
0.170232176859971
0.208781208008892
0.416656032398649
0.387557475542444
0.980641757594720
0.547921276440807
0.214929115127273
0.351095624431547
0.613829678210351
0.157591804935407
0.782639608617239
0.0554535105151374
0.885493884741093
0.716188107485039
0.892330720039239
0.0118130077662938
0.914326251910220
0.407934901028841
0.933696984282554
0.705965539769254
0.642063561194606
0.443067264949469
0.814165489661584
0.233450624269178
0.512276436440775
0.986804021050597
0.794444141348099
0.952915812820623
0.236237614525593
0.455298865426005
0.220324623035418
0.652118758602123
0.250404473976420
0.977365258604924
0.222943562186762
0.457230188631094
0.960048690419667
0.593026718400897
0.904165735423642
0.589271519141864
0.552366204817019
0.569068129439404
0.776822827652480
0.998362940269691
0.909109351182873
0.0618716050227506
0.406793445538168
0.0984291537191855
0.467764504006023
0.572181724744002
0.425121086847559
0.607031151935007
0.000613245647686182
0.0949849160830420
0.0160469836630146
0.212220438854872
0.599949311744398
0.498347361804148
0.0108579774437742
0.891772591924189
0.385184384596154
0.783409806333207
0.435494906937468
0.533211123912228
0.140588588146767
0.819318280005510
0.861175396880682
0.614243069018351
0.782370445682840
0.800302370824061
0.439734962973620
0.769797211405727
0.282698884738003
0.957139666172275
0.185637925837952
0.912520876113568
0.239704924281549
0.883915183080321
0.351090906817043
0.576310520328726
0.882075115052087
0.830752077899292
0.848188090067444
0.265669248656216
0.725863602350403
0.341923487997578
0.759684920199069
0.218017987077133
0.646022582727495
0.0224181725747968
0.365020616150005
0.442310715765837
0.226117629663142
0.279484661426155
0.265531026881901
0.153681772832611
0.905604907267543
0.886836844443733
0.375713428191707
0.682353951354676
0.977503303893611
0.420708279786961
0.908017151014887
0.379558954098988
0.576526263531543
0.605874684921408
0.716573813798173
0.269494221671249
0.467930192345721
0.768687906101666
0.950086043658706
0.0990810944228811
0.0982078607651442
0.439735013730701
0.130777330664349
0.149250194499851
0.000447902363002255
0.802022481244999
0.739839095966816
0.0788072212966193
0.389886398981272
0.768668832149668
0.600483612902688
0.311849909514119
0.438128387293838
0.625718738243784
0.288744271867324
0.823844799689876
0.357448136134747
0.192761934917775
0.765948775581060
0.610868175798500
0.0528129209078909
0.966532318837257
0.718134752809133
0.0695762927967945
0.585787907049893
0.137025161244453
0.896147685542772
0.364759131970238
0.118922572172676
0.417341258105515
0.930826011081611
0.831874592151434
0.681370315459264
0.120007203016434
0.735141628764170
0.579519429979622
0.361352186818306
0.319433041065667
0.403817057331939
0.558315661064496
0.183347864161873
0.166657588056595
0.426037598599697
0.468543483162552
0.157389075102931
0.205174101146485
0.203052899429134
0.0815452631011350
0.123860974853794
0.888359370589424
0.537162308831309
0.637972275557915
0.506026691061457
0.190821664031046
0.0699587306333514
0.369194921743681
0.718613508957724
0.769036772553360
0.123394729627014
0.0370903047905724
0.776014563057578
0.394442744271105
0.785828163281934
0.514886792988929
0.230222074422157
0.867325144758134
0.456521298017596
0.554306203291894
0.235944690292675
0.927372079774445
0.944164937801736
0.248027237713350
0.381555127157623
0.935840500023142
0.678907439894465
0.904997505203354
0.883040153832659
0.0784956757344751
0.960730356145990
0.533607072911042
0.812419091729642
0.501697937260241
0.519279833193533
0.238914218376816
0.889878995199631
0.521848592218873
0.258900589430193
0.338645310298840
0.477520692850240
0.112452347815247
0.391432607728724
0.505593907789138
0.382400211124867
0.496981335103969
0.686092403571164
0.739495412325252
0.792734566048130
0.467621020259159
0.659859091350743
0.749996998696587
0.684797122462093
0.753304318875682
0.0148402815753782
0.981627929015843
0.676396729273906
0.133265322602012
0.448523125820106
0.854182355503637
0.513287844841037
0.901321155904476
0.424842586007362
0.198354035242626
0.766290886684456
0.217767778419781
0.549906069668897
0.0913795493968667
0.499532893532670
0.156687534487195
0.273837140423170
0.897767873898972
0.119221332538510
0.946771114108512
0.422467946271630
0.857820463300599
0.395610789952618
0.196203974632641
0.760545535367236
0.483469993101186
0.598949147201585
0.429939948222572
0.368972610854065
0.937349700339767
0.682851065268205
0.905580678445092
0.986317714669890
0.710289591322788
0.211061866586591
0.224248236149665
0.758375278095889
0.363690398802837
0.166821939948398
0.0352690802119994
0.580643678354399
0.0687542665138628
0.577780881234343
0.112910419289447
0.102481184109338
0.876144036592983
0.936118092358167
0.901600954077021
0.949947338062314
0.452969504265566
0.163294685149237
0.777921273735315
0.614862193174130
0.638942751865342
0.957117560299634
0.0897826832205908
0.482027509008547
0.680727048628371
0.149900373141235
0.420352073116392
0.128014704737819
0.987895654043134
0.149474358721391
0.0908940472132033
0.345769774329741
0.557348376865195
0.406740641876469
0.232918847926389
0.590830830200962
0.756241882106402
0.205610441139718
0.324925277999102
0.0647878325845990
0.272911273070104
0.169727322258860
0.853432985420075
0.0924922656698582
0.641130813230356
0.890785959498392
0.207439958680160
0.0954791340490240
0.834625627302856
0.0706500993439230
0.857873854161181
0.0794323836823145
0.180671608159631
0.169253137972789
0.687025816499733
0.296176812283777
0.0731781735425713
0.640860045161499
0.0640892135277806
0.00936576398525655
0.614377319167544
0.796759273762237
0.733720759271514
0.593537658263714
0.509864402706672
0.272082221355328
0.344224339977011
0.392074111565982
0.753950907268539
0.717710328622586
0.132293562932077
0.549164287070355
0.503703816097092
0.960324580762687
0.0782676097370068
0.653289539112379
0.330837536757271
0.170325305857847
0.983982959289096
0.721207346171703
0.913649957121187
0.619140744031938
0.500698736170632
0.798284041135704
0.623585364606038
0.399719779565800
0.491989081488917
0.993194368664731
0.817015388895299
0.433080313463267
0.256033218119309
0.0717215412630334
0.166133694893743
0.147091432077387
0.998046692459866
0.377409782902063
0.776946304727786
0.0836227862553777
0.221752039260116
0.693325270290172
0.449092844710263
0.252885735245834
0.757311182914912
0.240598829109501
0.618245589834752
0.477288880142052
0.204589149544290
0.443049875760009
0.244618760535782
0.640555574391296
0.546593279832319
0.421221887423295
0.376606673643276
0.479548129942058
0.0574934366426866
0.165276244359685
0.975409063499146
0.0917504136877835
0.468262072870630
0.726658883842946
0.913855564274758
0.0818920946130027
0.301911668526899
0.974724327202292
0.689675505128538
0.743134069136872
0.533732379103886
0.915384519805845
0.886024522076372
0.427015624673579
0.548723100474441
0.0416380316212950
0.0498707085148761
0.812225364061177
0.286321104171835
0.585869316750145
0.593083230123428
0.654856680266027
0.0382059235303690
0.605585724397370
0.901149552269443
0.773928561142613
0.234845152699782
0.171997601712121
0.973998784075491
0.0820060014175279
0.186589762189700
0.238169600366694
0.421396416342536
0.740154727706758
0.944665525548470
0.991808187212706
0.382694569594550
0.289300481457869
0.356545979323120
0.376516909979525
0.464009882166986
0.170981715978580
0.914308743977132
0.159031012169566