4
12
12
5
6
13
5
3
5
9
18
11
6
10
17
10
24
14
7
4
17
26
25
3
14
8
16
5
3
23
18
13
8
19
26
10
16
6
25
17
13
7
7
30
15
20
2
10
3
2
9
26
10
23
10
10
12
24
1
2
11
8
3
25
4
14
26
10
25
20
33
15
29
4
18
6
12
12
20
27
13
34
37
21
27
28
5
34
8
11
35
27
25
25
35
17
25
7
2
4
22
39
24
8
9
33
43
32
42
43
26
28
32
22
37
26
27
6
39
35
4
4
6
12
19
20
27
3
26
52
6
3
48
26
50
32
45
19
31
38
22
20
27
32
52
41
9
47
46
45
6
13
5
14
14
19
32
48
22
6
23
48
43
24
24
36
7
22
6
54
33
43
3
5
10
1
24
38
22
21
48
48
15
2
10
14
27
20
42
2
8
32
48
3
53
3
5
34
25
18
18
43
33
24
5
32
10
36
36
43
16
9
33
19
35
33
11
15
2
30
36
10
27
22
10
7
12
13
49
55
44
36
18
52
26
12
3
15
18
27
50
13
35
14
33
18
30
21
26
11
36
30
37
10
41
44
38
5
14
47
13
36
16
7
50
28
43
19
32
33
50
8
21
7
17
4
34
12
22
37
37
6
23
6
41
43
28
9
16
21
15
31
32
4
56
27
30
40
6
2
27
48
13
13
12
49
38
36
17
25
20
41
28
23
37
56
53
11
20
18
56
17
8
56
24
12
51
28
43
8
45
22
48
6
14
2
45
41
10
41
18
7
56
7
56
24
36
47
26
9
51
28
37
9
23
17
44
22
48
45
22
29
47
3
34
9
8
5
41
24
29
47
24
3
17
5
24
33
16
6
14
31
4
54
23
6
31
35
36
11
28
28
32
15
41
42
19
28
4
17
26
38
22
31
48
48
51
3
17
8
46
37
28
14
28
9
2
17
30
46
17
48
19
36
3
10
41
50
27
57
28
41
33
32
38
26
38
10
19
52
2
12
32
28
15
41
43
26
6
45
39
27
27
30
44
31
31
30
8
45
34
4
41
9
47
28
16
31
42
42
44
12
10
44
13
17
15
45
41
48
13
11
25
8
46
16
8
17
33
23
21
31
22
9
10
55
16
56
23
50
53
24
17
6
10
14
11
57
22
9
7
11
24
4
12
1
36
54
1
53
8